[Optimizer]
lr = 1e-3

[Params_var_001]
var = 0.01
window = 71
decay = 0.4196335797473339
nbr_epochs = 1.2118912750427735
lr_0 = 0.000505993606306792
lr_1 = 0.000878693205178249
lr_2 = 0.0006574942827579412
clip_0 = 36
clip_1 = 20
clip_2 = 7


[Params_var_01]
var = 0.1
window = 85
decay = 0.20615592648328657
nbr_epochs = 3.7378110566616156
lr_0 = 0.0008813165764921183
lr_1 = 0.0009970833369544127
lr_2 = 0.00036926614319695363
clip_0 = 35
clip_1 = 29
clip_2 = 25

[Params_var_001_]
var = 0.01
window = 71
decay = 0.4196335797473339
nbr_epochs = 1.2118912750427735
lr_0 = 0.000505993606306792
lr_1 = 0.000878693205178249
lr_2 = 0.0006574942827579412
clip_0 = 36
clip_1 = 20
clip_2 = 7


[Params_var_01_]
var = 0.1
window = 85
decay = 0.20615592648328657
nbr_epochs = 3.7378110566616156
lr_0 = 0.0008813165764921183
lr_1 = 0.0009970833369544127
lr_2 = 0.00036926614319695363
clip_0 = 35
clip_1 = 29
clip_2 = 25