[Optimizer]
lr = 1e-3

[Params_var_001]
var = 0.01
window = 71
decay = 0.4196335797473339
nbr_epochs = 1.2118912750427735
lr_0 = 0.000505993606306792
lr_1 = 0.000878693205178249
lr_2 = 0.0006574942827579412
clip_0 = 36
clip_1 = 20
clip_2 = 7


[Params_var_01]
var = 0.1
window = 34
decay = 0.4554468233484674
nbr_epochs = 2.238450791877838
lr_0 = 0.0009420800761638867
lr_1 = 0.0007761201040277516
lr_2 = 0.0021042200457387964
clip_0 = 39
clip_1 = 19
clip_2 = 16