[Optimizer]
lr = 1e-3
var = 0.1

[Params_var_001]
window = 71
decay = 0.4196335797473339
nbr_epochs = 1.2118912750427735
lr_0 = 0.000505993606306792
lr_1 = 0.000878693205178249
lr_2 = 0.0006574942827579412
clip_0 = 36
clip_1 = 20
clip_2 = 7