[Optimizer]
lr = 1e-3

[Params_var_001]
var = 0.01
window = 71
decay = 0.4196335797473339
nbr_epochs = 1.2118912750427735
lr_0 = 0.000505993606306792
lr_1 = 0.000878693205178249
lr_2 = 0.0006574942827579412
clip_0 = 36
clip_1 = 20
clip_2 = 7


[Params_var_01]
var = 0.1
window = 24
decay = 0.9134977584128087
nbr_epochs = 3.776758394103496
lr_0 = 0.0009555407453844093
lr_1 = 0.00046098254412521485
lr_2 = 0.00036255817155541903
clip_0 = 22
clip_1 = 20
clip_2 = 27